 -5.00000000e-01 -9.69251586e-04
 -4.90000000e-01 -1.37299856e-03
 -4.80000000e-01 -1.92774696e-03
 -4.70000000e-01 -2.68259713e-03
 -4.60000000e-01 -3.69967709e-03
 -4.50000000e-01 -5.05650859e-03
 -4.40000000e-01 -6.84841130e-03
 -4.30000000e-01 -9.19078051e-03
 -4.20000000e-01 -1.22210126e-02
 -4.10000000e-01 -1.60997863e-02
 -4.00000000e-01 -2.10113422e-02
 -3.90000000e-01 -2.71623406e-02
 -3.80000000e-01 -3.47788352e-02
 -3.70000000e-01 -4.41008777e-02
 -3.60000000e-01 -5.53742869e-02
 -3.50000000e-01 -6.88391793e-02
 -3.40000000e-01 -8.47149865e-02
 -3.30000000e-01 -1.03181876e-01
 -3.20000000e-01 -1.24358756e-01
 -3.10000000e-01 -1.48278386e-01
 -3.00000000e-01 -1.74860489e-01
 -2.90000000e-01 -2.03884217e-01
 -2.80000000e-01 -2.34961725e-01
 -2.70000000e-01 -2.67515041e-01
 -2.60000000e-01 -3.00758693e-01
 -2.50000000e-01 -3.33690792e-01
 -2.40000000e-01 -3.65095210e-01
 -2.30000000e-01 -3.93557274e-01
 -2.20000000e-01 -4.17494914e-01
 -2.10000000e-01 -4.35206361e-01
 -2.00000000e-01 -4.44934522e-01
 -1.90000000e-01 -4.44946814e-01
 -1.80000000e-01 -4.33627901e-01
 -1.70000000e-01 -4.09581267e-01
 -1.60000000e-01 -3.71734244e-01
 -1.50000000e-01 -3.19439956e-01
 -1.40000000e-01 -2.52568891e-01
 -1.30000000e-01 -1.71582542e-01
 -1.20000000e-01 -7.75819062e-02
 -1.10000000e-01 2.76754225e-02
 -1.00000000e-01 1.41794200e-01
 -9.00000000e-02 2.61799006e-01
 -8.00000000e-02 3.84230120e-01
 -7.00000000e-02 5.05274870e-01
 -6.00000000e-02 6.20928647e-01
 -5.00000000e-02 7.27177260e-01
 -4.00000000e-02 8.20190139e-01
 -3.00000000e-02 8.96512589e-01
 -2.00000000e-02 9.53244746e-01
 -1.00000000e-02 9.88195367e-01
 0.00000000e+00 1.00000000e+00
 1.00000000e-02 9.88195367e-01
 2.00000000e-02 9.53244746e-01
 3.00000000e-02 8.96512589e-01
 4.00000000e-02 8.20190139e-01
 5.00000000e-02 7.27177260e-01
 6.00000000e-02 6.20928647e-01
 7.00000000e-02 5.05274870e-01
 8.00000000e-02 3.84230120e-01
 9.00000000e-02 2.61799006e-01
 1.00000000e-01 1.41794200e-01
 1.10000000e-01 2.76754225e-02
 1.20000000e-01 -7.75819062e-02
 1.30000000e-01 -1.71582542e-01
 1.40000000e-01 -2.52568891e-01
 1.50000000e-01 -3.19439956e-01
 1.60000000e-01 -3.71734244e-01
 1.70000000e-01 -4.09581267e-01
 1.80000000e-01 -4.33627901e-01
 1.90000000e-01 -4.44946814e-01
 2.00000000e-01 -4.44934522e-01
 2.10000000e-01 -4.35206361e-01
 2.20000000e-01 -4.17494914e-01
 2.30000000e-01 -3.93557274e-01
 2.40000000e-01 -3.65095210e-01
 2.50000000e-01 -3.33690792e-01
 2.60000000e-01 -3.00758693e-01
 2.70000000e-01 -2.67515041e-01
 2.80000000e-01 -2.34961725e-01
 2.90000000e-01 -2.03884217e-01
 3.00000000e-01 -1.74860489e-01
 3.10000000e-01 -1.48278386e-01
 3.20000000e-01 -1.24358756e-01
 3.30000000e-01 -1.03181876e-01
 3.40000000e-01 -8.47149865e-02
 3.50000000e-01 -6.88391793e-02
 3.60000000e-01 -5.53742869e-02
 3.70000000e-01 -4.41008777e-02
 3.80000000e-01 -3.47788352e-02
 3.90000000e-01 -2.71623406e-02
 4.00000000e-01 -2.10113422e-02
 4.10000000e-01 -1.60997863e-02
 4.20000000e-01 -1.22210126e-02
 4.30000000e-01 -9.19078051e-03
 4.40000000e-01 -6.84841130e-03
 4.50000000e-01 -5.05650859e-03
 4.60000000e-01 -3.69967709e-03
 4.70000000e-01 -2.68259713e-03
 4.80000000e-01 -1.92774696e-03
 4.90000000e-01 -1.37299856e-03
 5.00000000e-01 -9.69251586e-04
